1
19
11 8 10 6 14 13 9 19 12 17 15 7
15 8 10 6 14 13 4 9 19 11 12 17 15 7 18 5
9 6 13 9 19 11 12 17 7 18
11 8 10 6 14 19 17 16 15 2 18 5
12 8 6 14 13 4 9 11 12 17 15 7 2
14 8 3 10 14 4 9 19 17 15 7 1 2 18 5
13 8 3 6 14 9 19 11 12 17 1 2 18 5
14 10 6 14 13 4 19 12 17 16 7 1 2 18 5
12 3 10 6 14 13 19 17 15 7 1 2 5
10 8 6 13 4 9 17 15 1 2 18
8 3 19 12 15 7 2 18 5
11 8 3 14 11 17 15 7 1 2 18 5
10 8 3 10 14 9 19 1 2 18 5
12 8 6 13 4 9 12 17 16 7 1 2 5
10 10 6 4 9 11 12 17 1 2 5
5 8 14 4 19 17
14 8 3 10 6 14 4 9 12 16 15 7 1 2 5
10 8 3 10 6 13 4 11 12 7 2
11 8 3 6 13 4 9 11 16 7 1 2